421 230
571 449
696 424
733 79
923 446
251 496
545 51
619 502
658 354
705 75
733 312
853 438
859 197
897 157
909 402
953 96
24 111
624 219
743 13
796 346
951 121
975 225
9 155
61 98
109 203
201 95
285 332
308 460
350 104
383 335
415 410
447 488
515 194
541 91
549 158
563 5
764 477
811 272
833 366
837 311
841 446
863 119
917 51
953 387
1007 479
183 70
629 395
982 288
5 350
484 402
616 128
747 73
963 9
1014 418
75 169
135 427
149 448
175 176
179 128
275 251
331 244
407 402
446 321
462 27
643 168
647 297
656 29
695 327
741 348
764 287
780 339
797 302
836 467
892 308
1 394
65 201
247 12
349 76
803 399
828 433
115 332
155 53
197 141
215 349
219 97
235 254
259 395
275 487
333 353
375 215
449 458
457 481
465 68
529 65
543 274
673 384
691 202
716 78
747 334
751 433
785 504
822 173
915 152
963 320
965 354
990 228
996 221
15 498
33 371
63 509
65 101
81 89
84 23
84 402
111 101
121 408
123 229
127 301
149 28
153 339
161 493
170 330
193 147
211 441
219 33
235 470
251 364
260 125
261 361
263 195
263 330
275 417
297 215
311 349
313 148
329 450
353 57
361 83
389 119
389 120
395 286
447 453
461 443
467 424
473 453
487 320
501 365
523 87
523 244
564 242
569 416
571 386
577 272
578 121
603 491
605 411
695 436
767 43
771 55
789 78
807 156
845 150
849 353
871 217
903 394
939 32
943 300
945 373
969 467
983 345
1011 47
1013 79
1021 255
93 508
161 127
171 315
193 478
283 298
417 226
513 234
543 260
659 384
665 326
709 464
726 338
763 54
780 53
839 426
961 202
1007 446
1011 442
43 116
99 103
111 42
123 396
129 141
141 319
157 192
157 215
197 368
222 65
249 480
283 499
291 236
311 491
353 406
358 110
395 7
397 146
413 411
427 291
441 182
441 284
443 370
449 475
454 433
465 417
537 165
557 38
569 105
589 399
597 216
623 184
627 501
663 107
668 52
670 216
679 409
705 98
711 284
767 216
791 342
799 29
813 507
823 12
842 347
845 22
865 359
867 368
878 150
885 185
895 183
921 485
974 449
979 49
999 241
1009 137
31 370
35 309
175 366
212 363
281 350
381 80
399 170
437 507
492 399
592 171
637 510
651 86
654 61
689 413
787 455
801 298
861 113
875 353
875 497
881 443
933 123
967 153
971 344
977 378
986 5
38 27
41 260
41 494
48 57
73 174
113 97
183 458
193 370
221 409
225 286
255 125
286 189
301 307
311 59
323 331
341 423
381 67
393 206
397 377
397 472
423 336
435 95
452 365
480 98
483 363
501 3
513 485
571 415
579 315
591 249
621 53
623 140
633 46
671 252
693 228
693 324
695 113
695 215
699 476
711 231
725 3
761 11
767 452
787 208
819 210
819 468
823 447
829 253
831 159
855 100
885 450
887 123
893 190
915 183
949 422
959 114
959 407
975 506
1001 101
1003 160
1005 275
1007 137
1017 396
1021 264
1023 93
1023 511
34 3
59 457
184 61
209 125
223 448
331 422
369 300
429 467
481 1
615 480
640 318
643 331
941 385
1008 120
45 390
124 149
277 472
460 23
625 496
741 27
775 223
809 55
879 260
881 458
919 230
987 336
94 136
135 2
161 89
348 397
513 86
613 200
647 139
657 3
837 420
865 49
1 223
1 449
5 92
9 113
9 172
11 0
14 76
14 131
15 223
15 451
19 29
19 100
31 132
31 138
32 166
37 484
39 152
39 323
39 388
43 62
43 191
47 237
47 253
49 116
49 401
53 41
59 406
61 504
71 193
75 206
75 414
87 170
89 187
89 230
89 371
91 423
93 304
99 198
101 299
101 393
103 23
105 17
105 69
105 249
115 85
115 298
115 418
118 57
119 339
127 287
127 427
129 402
129 410
131 6
131 491
132 376
133 36
147 101
147 379
149 184
155 13
155 172
157 37
159 431
161 268
166 1
167 179
171 237
173 95
173 204
173 324
177 78
181 138
182 106
183 257
183 377
184 177
185 19
185 172
187 16
199 46
201 381
203 80
209 329
209 332
211 394
213 128
213 370
215 133
218 146
225 398
231 254
231 454
237 36
237 280
237 401
239 232
239 427
241 350
243 136
243 258
245 318
245 511
246 194
247 226
253 431
260 5
269 424
278 59
283 54
285 298
289 336
293 76
301 35
307 10
309 467
317 99
317 200
325 463
329 384
329 426
331 154
337 426
347 315
351 263
353 422
359 118
367 460
369 9
369 14
377 373
379 170
381 172
381 304
397 54
403 105
405 44
405 298
413 359
418 192
420 211
422 193
431 32
431 346
439 83
442 163
445 164
455 99
457 289
458 220
463 83
463 407
467 265
469 256
469 436
469 459
481 214
482 13
483 85
483 322
495 101
498 341
519 257
522 35
527 247
535 499
540 264
547 219
552 409
556 157
565 188
573 23
573 322
577 68
577 150
598 116
599 157
609 305
615 19
615 507
616 42
621 265
622 476
630 0
643 12
649 223
657 96
659 30
663 355
673 97
681 190
681 419
689 362
693 105
699 444
705 439
709 96
709 150
713 189
715 100
717 187
739 58
749 486
750 488
751 137
753 73
753 122
760 326
763 163
765 504
767 52
769 410
771 311
773 11
773 127
773 321
779 417
783 307
789 409
805 169
812 42
813 66
815 5
833 23
835 197
867 253
871 83
876 252
879 84
893 304
897 22
901 58
907 497
916 184
922 393
923 463
926 340
929 289
935 365
945 167
957 137
959 303
965 455
978 144
991 73
994 274
997 361
1000 347
1011 91
27 412
31 418
43 184
49 35
54 432
71 174
81 420
128 358
139 499
153 101
162 118
169 65
195 253
199 332
203 424
243 493
267 273
267 307
306 132
328 23
339 76
341 229
398 468
420 255
463 398
466 42
467 488
473 27
487 286
491 136
493 45
502 214
519 327
535 39
544 48
572 316
577 446
583 253
627 507
633 484
694 293
698 43
707 511
713 66
713 119
715 208
717 93
724 395
755 150
801 55
821 475
836 93
844 326
861 76
884 198
907 156
912 54
920 492
921 500
945 352
946 362
958 326
967 270
0 488
18 33
23 291
25 215
31 324
43 322
65 252
73 118
104 91
113 508
116 46
117 297
125 329
131 379
149 247
155 139
165 329
179 349
189 122
200 26
203 291
231 191
237 418
243 472
253 451
257 144
266 270
267 181
269 106
271 39
289 75
291 289
311 108
311 322
313 177
321 485
323 470
335 5
345 454
369 16
383 217
399 289
463 150
469 47
473 316
491 105
491 183
499 91
513 145
529 136
547 6
569 317
587 177
591 182
617 449
623 306
657 296
703 265
715 147
717 34
719 409
773 307
785 347
829 328
832 408
845 476
877 262
893 481
915 167
917 136
941 239
951 245
959 366
1016 304
135 164
181 463
211 2
221 33
335 155
347 239
392 480
436 80
506 349
597 478
658 240
725 132
769 96
773 202
783 109
840 116
913 269
919 449
931 421
1015 400
1017 140
74 123
78 117
171 398
175 244
233 421
245 284
288 40
342 427
374 6
379 31
395 310
583 396
588 110
647 428
745 223
753 233
991 118
244 169
265 344
291 151
306 197
368 199
369 484
409 409
504 324
519 378
535 389
577 40
580 70
609 323
644 212
654 363
679 244
686 305
699 143
700 127
746 409
757 64
832 503
856 358
906 300
937 508
953 33
1006 13
1018 287
1019 418
1022 260
7 44
76 18
76 342
121 478
201 206
224 220
301 75
313 412
335 306
347 327
428 326
449 439
461 414
462 179
552 370
581 25
653 122
655 233
669 311
689 245
731 124
747 30
753 77
838 112
840 128
867 4
881 50
906 24
922 54
927 482
969 156
996 477
1020 121
7 185
23 232
53 159
53 313
81 284
111 444
123 126
129 67
141 143
143 462
161 245
170 279
187 111
195 36
217 467
291 28
312 469
319 344
345 498
363 87
371 7
372 343
383 295
431 206
445 165
467 210
481 390
495 101
507 383
515 480
519 493
524 279
525 151
535 210
563 337
572 180
579 238
614 302
629 257
631 21
645 67
645 296
661 377
687 302
690 231
705 214
733 258
757 199
840 29
841 103
851 438
861 485
913 294
936 366
937 81
1006 377
